1. 1 		16. 1		31. 3		46. 		61. 
2. 1 		17. 3		32. 4		47. 		62. 3
3. 3 		18. 4		33. 3		48. 		63. 2
4. 2 		19. 1		34. 3		49. 		64. 3
5. 2 		20. 2		35. 3		50. 4		65. 2
6. 3 		21. 4		36. 4		51. 2		66. 3
7. 3 		22. 3		37. 1		52. 4		67. 
8. 4 		23. 1		38. 3		53. 3		68. 3
9. 3 		24. 		39. 1		54. 1		69. 4
10. 1		25. 3		40. 3		55. 2		70. 3
11. 3		26. 4		41. 3		56. 3		71. 4
12. 3		27. 4		42. 1		57. 4		72. 
13. 4		28. 3		43. 4		58. 4		73. 3
14. 1		29. 3		44. 1		59. 4		74. 1
15. 2		30. 2		45. 		60. 3		75. 4